0 0.800218 0.541609 0.15647 0.602107
0 0.656209 0.531657 0.147784 0.61703
0 0.141036 0.47145 0.10404 0.478836
0 0.263315 0.48101 0.0918776 0.438702
0 0.331858 0.380582 0.0283995 0.0858112
0 0.404237 0.37874 0.0295797 0.0836917
0 0.0699859 0.388789 0.0242546 0.153177
0 0.800218 0.541609 0.15647 0.602107
0 0.656209 0.531657 0.147784 0.61703
0 0.141036 0.47145 0.10404 0.478836
0 0.263315 0.48101 0.0918776 0.438702
0 0.331858 0.380582 0.0283995 0.0858112
0 0.404237 0.37874 0.0295797 0.0836917
0 0.0699859 0.388789 0.0242546 0.153177
