0 0.0439617 0.456242 0.0879234 0.457945
0 0.473633 0.519179 0.120753 0.561202
0 0.935449 0.406536 0.0843357 0.391796
0 0.589216 0.516868 0.112618 0.561327
0 0.206855 0.473232 0.0981193 0.408398
0 0.350109 0.374783 0.0205263 0.0888246
0 0.0991952 0.381688 0.0355477 0.19521
13 0.276467 0.418632 0.0589283 0.0982032
0 0.143589 0.395817 0.0343327 0.1863
0 0.397375 0.370071 0.0298761 0.0900152
0 0.124326 0.383256 0.0271219 0.171719
0 0.0439617 0.456242 0.0879234 0.457945
0 0.473633 0.519179 0.120753 0.561202
0 0.935449 0.406536 0.0843357 0.391796
0 0.589216 0.516868 0.112618 0.561327
0 0.206855 0.473232 0.0981193 0.408398
0 0.350109 0.374783 0.0205263 0.0888246
0 0.0991952 0.381688 0.0355477 0.19521
13 0.276467 0.418632 0.0589283 0.0982032
0 0.143589 0.395817 0.0343327 0.1863
0 0.397375 0.370071 0.0298761 0.0900152
0 0.124326 0.383256 0.0271219 0.171719
