0 0.17103 0.482032 0.0920736 0.473373
0 0.841509 0.5472 0.137412 0.611303
0 0.299389 0.485492 0.088489 0.45158
0 0.718782 0.536217 0.123379 0.627466
0 0.0848217 0.384886 0.0267408 0.153914
0 0.403903 0.37804 0.0290907 0.0850021
0 0.105172 0.382395 0.0241428 0.161156
0 0.17103 0.482032 0.0920736 0.473373
0 0.841509 0.5472 0.137412 0.611303
0 0.299389 0.485492 0.088489 0.45158
0 0.718782 0.536217 0.123379 0.627466
0 0.0848217 0.384886 0.0267408 0.153914
0 0.403903 0.37804 0.0290907 0.0850021
0 0.105172 0.382395 0.0241428 0.161156
