0 0.757468 0.534002 0.122099 0.599621
0 0.610868 0.536053 0.133113 0.597964
0 0.258401 0.482268 0.0915777 0.434818
0 0.131387 0.473216 0.0899512 0.471501
0 0.335403 0.382956 0.0265164 0.0818309
0 0.404027 0.377222 0.0305899 0.0869205
0 0.0693244 0.387665 0.0253091 0.152369
0 0.757468 0.534002 0.122099 0.599621
0 0.610868 0.536053 0.133113 0.597964
0 0.258401 0.482268 0.0915777 0.434818
0 0.131387 0.473216 0.0899512 0.471501
0 0.335403 0.382956 0.0265164 0.0818309
0 0.404027 0.377222 0.0305899 0.0869205
0 0.0693244 0.387665 0.0253091 0.152369
