0 0.72253 0.54046 0.118848 0.626544
0 0.173525 0.484603 0.091295 0.477499
0 0.847311 0.547765 0.122623 0.61567
0 0.301438 0.485408 0.0848813 0.445512
0 0.403932 0.37793 0.0291624 0.0854928
0 0.083803 0.386874 0.0255758 0.157187
0 0.104183 0.382603 0.0260855 0.159327
0 0.0891759 0.384927 0.033861 0.163267
0 0.72253 0.54046 0.118848 0.626544
0 0.173525 0.484603 0.091295 0.477499
0 0.847311 0.547765 0.122623 0.61567
0 0.301438 0.485408 0.0848813 0.445512
0 0.403932 0.37793 0.0291624 0.0854928
0 0.083803 0.386874 0.0255758 0.157187
0 0.104183 0.382603 0.0260855 0.159327
0 0.0891759 0.384927 0.033861 0.163267
