0 0.808416 0.537297 0.127522 0.618238
0 0.68649 0.537083 0.130066 0.618204
0 0.1556 0.48173 0.0960035 0.464433
0 0.276789 0.485953 0.0858046 0.440074
0 0.333427 0.379308 0.0256911 0.0792809
0 0.404037 0.37829 0.0288724 0.0847789
0 0.0687355 0.390132 0.0256683 0.144528
0 0.0900133 0.384631 0.025326 0.158574
0 0.105887 0.382449 0.0242359 0.165543
0 0.808416 0.537297 0.127522 0.618238
0 0.68649 0.537083 0.130066 0.618204
0 0.1556 0.48173 0.0960035 0.464433
0 0.276789 0.485953 0.0858046 0.440074
0 0.333427 0.379308 0.0256911 0.0792809
0 0.404037 0.37829 0.0288724 0.0847789
0 0.0687355 0.390132 0.0256683 0.144528
0 0.0900133 0.384631 0.025326 0.158574
0 0.105887 0.382449 0.0242359 0.165543
