0 0.118239 0.470582 0.0945967 0.464991
0 0.255753 0.481811 0.0951056 0.435492
0 0.585677 0.528458 0.118138 0.608767
0 0.728313 0.539563 0.11953 0.582301
0 0.33907 0.38031 0.0234723 0.0725494
0 0.175214 0.403978 0.0337425 0.19066
0 0.40265 0.385253 0.0301541 0.0729667
0 0.118239 0.470582 0.0945967 0.464991
0 0.255753 0.481811 0.0951056 0.435492
0 0.585677 0.528458 0.118138 0.608767
0 0.728313 0.539563 0.11953 0.582301
0 0.33907 0.38031 0.0234723 0.0725494
0 0.175214 0.403978 0.0337425 0.19066
0 0.40265 0.385253 0.0301541 0.0729667
