0 0.54479 0.524369 0.118636 0.590863
0 0.702122 0.530409 0.140751 0.576991
0 0.091494 0.471081 0.0884732 0.459565
0 0.241355 0.481198 0.0865233 0.42814
0 0.169137 0.400799 0.0323376 0.187734
0 0.342033 0.375961 0.0237347 0.0736176
0 0.134274 0.39355 0.025554 0.182811
0 0.401393 0.382426 0.0312094 0.0785894
0 0.54479 0.524369 0.118636 0.590863
0 0.702122 0.530409 0.140751 0.576991
0 0.091494 0.471081 0.0884732 0.459565
0 0.241355 0.481198 0.0865233 0.42814
0 0.169137 0.400799 0.0323376 0.187734
0 0.342033 0.375961 0.0237347 0.0736176
0 0.134274 0.39355 0.025554 0.182811
0 0.401393 0.382426 0.0312094 0.0785894
