0 0.554141 0.511119 0.112578 0.543071
0 0.196199 0.470651 0.0886868 0.408805
0 0.445336 0.5069 0.113898 0.554825
0 0.0381324 0.456229 0.0762647 0.444098
0 0.897634 0.405359 0.0752247 0.389788
0 0.351748 0.375786 0.0225587 0.0925651
13 0.268059 0.417355 0.0688117 0.0968889
0 0.0871594 0.382625 0.0378783 0.180686
0 0.123844 0.38681 0.0378553 0.186639
0 0.554141 0.511119 0.112578 0.543071
0 0.196199 0.470651 0.0886868 0.408805
0 0.445336 0.5069 0.113898 0.554825
0 0.0381324 0.456229 0.0762647 0.444098
0 0.897634 0.405359 0.0752247 0.389788
0 0.351748 0.375786 0.0225587 0.0925651
13 0.268059 0.417355 0.0688117 0.0968889
0 0.0871594 0.382625 0.0378783 0.180686
0 0.123844 0.38681 0.0378553 0.186639
