0 0.802258 0.541283 0.155125 0.608084
0 0.660463 0.534402 0.150574 0.617305
0 0.142241 0.47438 0.102955 0.478695
0 0.26677 0.482866 0.0905079 0.43804
0 0.331664 0.381431 0.0286602 0.0879114
0 0.404113 0.378632 0.0293989 0.0840508
0 0.0698847 0.387723 0.0242726 0.150646
0 0.802258 0.541283 0.155125 0.608084
0 0.660463 0.534402 0.150574 0.617305
0 0.142241 0.47438 0.102955 0.478695
0 0.26677 0.482866 0.0905079 0.43804
0 0.331664 0.381431 0.0286602 0.0879114
0 0.404113 0.378632 0.0293989 0.0840508
0 0.0698847 0.387723 0.0242726 0.150646
