0 0.56226 0.510646 0.124136 0.540816
0 0.195979 0.470426 0.0881123 0.410677
0 0.899777 0.401904 0.0773266 0.389116
0 0.447256 0.510953 0.111167 0.549537
0 0.0391887 0.455914 0.0783775 0.444426
0 0.351641 0.375593 0.0227486 0.0930059
0 0.0886696 0.383583 0.0398601 0.18296
13 0.268452 0.417185 0.0684801 0.0963116
0 0.125348 0.387904 0.0397048 0.184889
0 0.388169 0.365823 0.0199161 0.0879807
0 0.319038 0.392206 0.0146162 0.0409851
0 0.56226 0.510646 0.124136 0.540816
0 0.195979 0.470426 0.0881123 0.410677
0 0.899777 0.401904 0.0773266 0.389116
0 0.447256 0.510953 0.111167 0.549537
0 0.0391887 0.455914 0.0783775 0.444426
0 0.351641 0.375593 0.0227486 0.0930059
0 0.0886696 0.383583 0.0398601 0.18296
13 0.268452 0.417185 0.0684801 0.0963116
0 0.125348 0.387904 0.0397048 0.184889
0 0.388169 0.365823 0.0199161 0.0879807
0 0.319038 0.392206 0.0146162 0.0409851
