0 0.883526 0.544511 0.134336 0.629878
0 0.312173 0.488949 0.0866381 0.448216
0 0.75387 0.540903 0.123932 0.633261
0 0.182417 0.480094 0.097859 0.486811
0 0.0990983 0.382701 0.0395626 0.16551
0 0.403679 0.3788 0.0290881 0.0829734
0 0.0835625 0.384564 0.0196685 0.161333
0 0.883526 0.544511 0.134336 0.629878
0 0.312173 0.488949 0.0866381 0.448216
0 0.75387 0.540903 0.123932 0.633261
0 0.182417 0.480094 0.097859 0.486811
0 0.0990983 0.382701 0.0395626 0.16551
0 0.403679 0.3788 0.0290881 0.0829734
0 0.0835625 0.384564 0.0196685 0.161333
