0 0.804942 0.540743 0.155711 0.609249
0 0.663858 0.537527 0.156748 0.615911
0 0.268147 0.486545 0.0896519 0.434727
0 0.142804 0.477895 0.102624 0.471219
0 0.331907 0.380405 0.0293676 0.0860935
0 0.404059 0.379353 0.0290287 0.0826593
0 0.0699902 0.388733 0.0246602 0.148524
0 0.804942 0.540743 0.155711 0.609249
0 0.663858 0.537527 0.156748 0.615911
0 0.268147 0.486545 0.0896519 0.434727
0 0.142804 0.477895 0.102624 0.471219
0 0.331907 0.380405 0.0293676 0.0860935
0 0.404059 0.379353 0.0290287 0.0826593
0 0.0699902 0.388733 0.0246602 0.148524
