0 0.507057 0.520251 0.115117 0.575855
0 0.628241 0.528072 0.0951579 0.562526
0 0.073584 0.466883 0.0963173 0.467972
0 0.23832 0.479169 0.0913053 0.417169
0 0.969748 0.412829 0.0594894 0.394685
0 0.117897 0.391717 0.0335997 0.174652
0 0.159105 0.396057 0.0383461 0.201054
0 0.347754 0.377292 0.0211196 0.0786014
0 0.399403 0.373325 0.0328075 0.091205
0 0.507057 0.520251 0.115117 0.575855
0 0.628241 0.528072 0.0951579 0.562526
0 0.073584 0.466883 0.0963173 0.467972
0 0.23832 0.479169 0.0913053 0.417169
0 0.969748 0.412829 0.0594894 0.394685
0 0.117897 0.391717 0.0335997 0.174652
0 0.159105 0.396057 0.0383461 0.201054
0 0.347754 0.377292 0.0211196 0.0786014
0 0.399403 0.373325 0.0328075 0.091205
