0 0.197536 0.467526 0.0896145 0.413059
0 0.0425912 0.44996 0.0849472 0.453044
0 0.573611 0.515166 0.128203 0.545691
0 0.910883 0.409345 0.0835609 0.39606
0 0.457505 0.513848 0.0973808 0.550298
0 0.0907001 0.383398 0.0365384 0.185417
0 0.351318 0.375884 0.0205413 0.095601
13 0.268526 0.417202 0.071113 0.0960597
0 0.13143 0.390338 0.0420095 0.190362
0 0.394327 0.37113 0.0281281 0.0863203
0 0.197536 0.467526 0.0896145 0.413059
0 0.0425912 0.44996 0.0849472 0.453044
0 0.573611 0.515166 0.128203 0.545691
0 0.910883 0.409345 0.0835609 0.39606
0 0.457505 0.513848 0.0973808 0.550298
0 0.0907001 0.383398 0.0365384 0.185417
0 0.351318 0.375884 0.0205413 0.095601
13 0.268526 0.417202 0.071113 0.0960597
0 0.13143 0.390338 0.0420095 0.190362
0 0.394327 0.37113 0.0281281 0.0863203
