0 0.575191 0.526093 0.114931 0.601874
0 0.249473 0.480637 0.0918067 0.436414
0 0.116804 0.470765 0.0983002 0.461832
0 0.722116 0.532363 0.124745 0.587266
0 0.338435 0.380816 0.0250075 0.0728789
0 0.175771 0.403051 0.0357509 0.188225
0 0.300617 0.420696 0.0212114 0.0993442
0 0.401819 0.38948 0.0309574 0.0633976
0 0.575191 0.526093 0.114931 0.601874
0 0.249473 0.480637 0.0918067 0.436414
0 0.116804 0.470765 0.0983002 0.461832
0 0.722116 0.532363 0.124745 0.587266
0 0.338435 0.380816 0.0250075 0.0728789
0 0.175771 0.403051 0.0357509 0.188225
0 0.300617 0.420696 0.0212114 0.0993442
0 0.401819 0.38948 0.0309574 0.0633976
