0 0.165189 0.476135 0.0956736 0.480468
0 0.69384 0.533615 0.111432 0.628985
0 0.816085 0.539029 0.121172 0.616614
0 0.284651 0.483851 0.0803749 0.450974
0 0.333326 0.377922 0.0234872 0.0830638
0 0.106695 0.380031 0.024001 0.165856
0 0.403983 0.378294 0.0290207 0.085142
0 0.0875823 0.386911 0.0237792 0.152036
0 0.165189 0.476135 0.0956736 0.480468
0 0.69384 0.533615 0.111432 0.628985
0 0.816085 0.539029 0.121172 0.616614
0 0.284651 0.483851 0.0803749 0.450974
0 0.333326 0.377922 0.0234872 0.0830638
0 0.106695 0.380031 0.024001 0.165856
0 0.403983 0.378294 0.0290207 0.085142
0 0.0875823 0.386911 0.0237792 0.152036
