0 0.51842 0.506732 0.130398 0.524696
0 0.852629 0.410353 0.0702118 0.371374
0 0.160641 0.467611 0.0801071 0.40179
0 0.0232848 0.457624 0.0465415 0.426515
0 0.409487 0.502718 0.108217 0.534827
13 0.248373 0.417592 0.102331 0.0961065
0 0.0657708 0.387478 0.0375349 0.177272
0 0.109412 0.387484 0.0365358 0.182578
0 0.353496 0.376572 0.0169497 0.0787042
13 0.254183 0.429167 0.0891698 0.073979
0 0.51842 0.506732 0.130398 0.524696
0 0.852629 0.410353 0.0702118 0.371374
0 0.160641 0.467611 0.0801071 0.40179
0 0.0232848 0.457624 0.0465415 0.426515
0 0.409487 0.502718 0.108217 0.534827
13 0.248373 0.417592 0.102331 0.0961065
0 0.0657708 0.387478 0.0375349 0.177272
0 0.109412 0.387484 0.0365358 0.182578
0 0.353496 0.376572 0.0169497 0.0787042
13 0.254183 0.429167 0.0891698 0.073979
