0 0.526206 0.509279 0.101715 0.526973
0 0.0353311 0.450497 0.0706035 0.444665
0 0.871087 0.405935 0.0747601 0.385675
0 0.419982 0.510801 0.110695 0.53819
0 0.185987 0.464253 0.0857946 0.40734
13 0.262981 0.416653 0.0774315 0.0948315
0 0.352298 0.376655 0.0207634 0.0888474
0 0.117195 0.385088 0.0381582 0.183402
0 0.0779737 0.381024 0.0335582 0.175266
0 0.526206 0.509279 0.101715 0.526973
0 0.0353311 0.450497 0.0706035 0.444665
0 0.871087 0.405935 0.0747601 0.385675
0 0.419982 0.510801 0.110695 0.53819
0 0.185987 0.464253 0.0857946 0.40734
13 0.262981 0.416653 0.0774315 0.0948315
0 0.352298 0.376655 0.0207634 0.0888474
0 0.117195 0.385088 0.0381582 0.183402
0 0.0779737 0.381024 0.0335582 0.175266
