0 0.626612 0.531707 0.115877 0.603891
0 0.776496 0.5353 0.138885 0.596885
0 0.13454 0.475798 0.0930942 0.472011
0 0.254749 0.479401 0.0843061 0.439407
0 0.332795 0.38173 0.0280659 0.0826052
0 0.404233 0.378332 0.0304641 0.084869
0 0.0681856 0.389523 0.023771 0.15132
0 0.626612 0.531707 0.115877 0.603891
0 0.776496 0.5353 0.138885 0.596885
0 0.13454 0.475798 0.0930942 0.472011
0 0.254749 0.479401 0.0843061 0.439407
0 0.332795 0.38173 0.0280659 0.0826052
0 0.404233 0.378332 0.0304641 0.084869
0 0.0681856 0.389523 0.023771 0.15132
