0 0.738979 0.542758 0.133035 0.632032
0 0.308605 0.490272 0.0842071 0.446694
0 0.178859 0.480113 0.0958295 0.479669
0 0.86095 0.54416 0.107 0.623011
0 0.10211 0.383126 0.0334372 0.166051
0 0.403799 0.377647 0.0294201 0.0858846
0 0.0820781 0.383892 0.02439 0.16209
0 0.738979 0.542758 0.133035 0.632032
0 0.308605 0.490272 0.0842071 0.446694
0 0.178859 0.480113 0.0958295 0.479669
0 0.86095 0.54416 0.107 0.623011
0 0.10211 0.383126 0.0334372 0.166051
0 0.403799 0.377647 0.0294201 0.0858846
0 0.0820781 0.383892 0.02439 0.16209
