0 0.471632 0.516245 0.120332 0.561333
0 0.042895 0.455824 0.0857901 0.457626
0 0.587121 0.517139 0.114762 0.556788
0 0.931092 0.406806 0.0877544 0.383889
0 0.205024 0.473984 0.0932471 0.408735
0 0.0976651 0.377902 0.0363863 0.193896
0 0.350137 0.37521 0.0205435 0.0889633
13 0.274939 0.418428 0.0622204 0.0992238
0 0.141591 0.395523 0.0325774 0.184636
0 0.397469 0.371931 0.0306851 0.091052
0 0.1239 0.381454 0.0285246 0.168166
0 0.471632 0.516245 0.120332 0.561333
0 0.042895 0.455824 0.0857901 0.457626
0 0.587121 0.517139 0.114762 0.556788
0 0.931092 0.406806 0.0877544 0.383889
0 0.205024 0.473984 0.0932471 0.408735
0 0.0976651 0.377902 0.0363863 0.193896
0 0.350137 0.37521 0.0205435 0.0889633
13 0.274939 0.418428 0.0622204 0.0992238
0 0.141591 0.395523 0.0325774 0.184636
0 0.397469 0.371931 0.0306851 0.091052
0 0.1239 0.381454 0.0285246 0.168166
