0 0.875646 0.404349 0.075206 0.373041
0 0.528426 0.512756 0.0960599 0.527292
0 0.426295 0.512415 0.111157 0.540434
0 0.190755 0.464088 0.0929262 0.40621
0 0.0353737 0.449337 0.0707114 0.446791
0 0.352119 0.376831 0.0206769 0.0898982
0 0.117605 0.38451 0.0410509 0.181705
13 0.264467 0.417376 0.0747783 0.0962708
0 0.0804224 0.381378 0.0333708 0.177191
0 0.875646 0.404349 0.075206 0.373041
0 0.528426 0.512756 0.0960599 0.527292
0 0.426295 0.512415 0.111157 0.540434
0 0.190755 0.464088 0.0929262 0.40621
0 0.0353737 0.449337 0.0707114 0.446791
0 0.352119 0.376831 0.0206769 0.0898982
0 0.117605 0.38451 0.0410509 0.181705
13 0.264467 0.417376 0.0747783 0.0962708
0 0.0804224 0.381378 0.0333708 0.177191
