0 0.79874 0.540605 0.160166 0.600465
0 0.652308 0.529708 0.141205 0.615941
0 0.140895 0.471989 0.103071 0.473093
0 0.260772 0.483133 0.0896236 0.438651
0 0.331934 0.380995 0.0281782 0.085631
0 0.404126 0.3778 0.0299596 0.0860206
0 0.0700665 0.388595 0.0243607 0.152624
0 0.79874 0.540605 0.160166 0.600465
0 0.652308 0.529708 0.141205 0.615941
0 0.140895 0.471989 0.103071 0.473093
0 0.260772 0.483133 0.0896236 0.438651
0 0.331934 0.380995 0.0281782 0.085631
0 0.404126 0.3778 0.0299596 0.0860206
0 0.0700665 0.388595 0.0243607 0.152624
