0 0.169052 0.482008 0.0942171 0.474584
0 0.838869 0.542668 0.139219 0.611703
0 0.710106 0.534289 0.11459 0.629722
0 0.294428 0.483352 0.0836678 0.454647
0 0.0858436 0.386767 0.024448 0.153165
0 0.403961 0.378164 0.0290775 0.0850794
0 0.105921 0.381339 0.0244308 0.164724
0 0.169052 0.482008 0.0942171 0.474584
0 0.838869 0.542668 0.139219 0.611703
0 0.710106 0.534289 0.11459 0.629722
0 0.294428 0.483352 0.0836678 0.454647
0 0.0858436 0.386767 0.024448 0.153165
0 0.403961 0.378164 0.0290775 0.0850794
0 0.105921 0.381339 0.0244308 0.164724
