0 0.788612 0.53713 0.153857 0.59742
0 0.641879 0.529694 0.116523 0.609409
0 0.137705 0.472023 0.099062 0.475706
0 0.256992 0.47651 0.0864265 0.439668
0 0.331774 0.38111 0.0281914 0.0822834
0 0.403977 0.378286 0.030122 0.0852085
0 0.0702088 0.389338 0.0239653 0.154948
0 0.788612 0.53713 0.153857 0.59742
0 0.641879 0.529694 0.116523 0.609409
0 0.137705 0.472023 0.099062 0.475706
0 0.256992 0.47651 0.0864265 0.439668
0 0.331774 0.38111 0.0281914 0.0822834
0 0.403977 0.378286 0.030122 0.0852085
0 0.0702088 0.389338 0.0239653 0.154948
