0 0.515472 0.504137 0.100084 0.533589
0 0.174919 0.46565 0.0833693 0.405564
0 0.415491 0.509697 0.115917 0.538077
0 0.864518 0.39709 0.0756073 0.361395
0 0.0312055 0.4532 0.0623687 0.446907
13 0.259328 0.417269 0.0833427 0.095853
0 0.114316 0.384318 0.0383115 0.181919
0 0.353015 0.376502 0.021015 0.0923306
0 0.0733321 0.384491 0.0340595 0.180287
0 0.515472 0.504137 0.100084 0.533589
0 0.174919 0.46565 0.0833693 0.405564
0 0.415491 0.509697 0.115917 0.538077
0 0.864518 0.39709 0.0756073 0.361395
0 0.0312055 0.4532 0.0623687 0.446907
13 0.259328 0.417269 0.0833427 0.095853
0 0.114316 0.384318 0.0383115 0.181919
0 0.353015 0.376502 0.021015 0.0923306
0 0.0733321 0.384491 0.0340595 0.180287
