0 0.582606 0.519932 0.120657 0.544774
0 0.0416721 0.451908 0.0830799 0.458731
0 0.923134 0.413805 0.0874632 0.384976
0 0.46307 0.51015 0.102778 0.56371
0 0.200661 0.471882 0.0939499 0.410232
0 0.0961103 0.380146 0.0397923 0.184961
0 0.350671 0.375119 0.0213137 0.0881136
0 0.137835 0.395533 0.0368774 0.194246
13 0.271373 0.418533 0.0679071 0.0988961
0 0.396559 0.372727 0.030545 0.0855906
0 0.582606 0.519932 0.120657 0.544774
0 0.0416721 0.451908 0.0830799 0.458731
0 0.923134 0.413805 0.0874632 0.384976
0 0.46307 0.51015 0.102778 0.56371
0 0.200661 0.471882 0.0939499 0.410232
0 0.0961103 0.380146 0.0397923 0.184961
0 0.350671 0.375119 0.0213137 0.0881136
0 0.137835 0.395533 0.0368774 0.194246
13 0.271373 0.418533 0.0679071 0.0988961
0 0.396559 0.372727 0.030545 0.0855906
