0 0.735006 0.54432 0.133793 0.628733
0 0.178365 0.479148 0.0931892 0.481698
0 0.306609 0.489876 0.084159 0.446744
0 0.85617 0.545933 0.108785 0.621619
0 0.102655 0.382792 0.0300736 0.162775
0 0.40382 0.37762 0.029351 0.0862383
0 0.0822908 0.385029 0.0252253 0.160255
0 0.735006 0.54432 0.133793 0.628733
0 0.178365 0.479148 0.0931892 0.481698
0 0.306609 0.489876 0.084159 0.446744
0 0.85617 0.545933 0.108785 0.621619
0 0.102655 0.382792 0.0300736 0.162775
0 0.40382 0.37762 0.029351 0.0862383
0 0.0822908 0.385029 0.0252253 0.160255
