0 0.51946 0.505241 0.123662 0.530392
0 0.857035 0.410429 0.0726761 0.36415
0 0.164354 0.470329 0.0774614 0.403098
0 0.0244235 0.457725 0.0488236 0.432295
0 0.409969 0.501068 0.109105 0.543707
0 0.0697929 0.385886 0.0413986 0.178855
0 0.110364 0.386415 0.035792 0.184661
13 0.251058 0.416989 0.0968338 0.0954044
0 0.353459 0.374258 0.0181538 0.0783583
13 0.255116 0.433786 0.0870679 0.0624397
0 0.51946 0.505241 0.123662 0.530392
0 0.857035 0.410429 0.0726761 0.36415
0 0.164354 0.470329 0.0774614 0.403098
0 0.0244235 0.457725 0.0488236 0.432295
0 0.409969 0.501068 0.109105 0.543707
0 0.0697929 0.385886 0.0413986 0.178855
0 0.110364 0.386415 0.035792 0.184661
13 0.251058 0.416989 0.0968338 0.0954044
0 0.353459 0.374258 0.0181538 0.0783583
13 0.255116 0.433786 0.0870679 0.0624397
