0 0.609991 0.536476 0.132445 0.595278
0 0.744606 0.532854 0.102818 0.596663
0 0.258136 0.482459 0.0911411 0.435458
0 0.129293 0.471474 0.0926466 0.471085
0 0.335791 0.383317 0.0264842 0.0843191
0 0.404053 0.37722 0.0307336 0.0869215
0 0.0688314 0.387452 0.0241663 0.148496
0 0.609991 0.536476 0.132445 0.595278
0 0.744606 0.532854 0.102818 0.596663
0 0.258136 0.482459 0.0911411 0.435458
0 0.129293 0.471474 0.0926466 0.471085
0 0.335791 0.383317 0.0264842 0.0843191
0 0.404053 0.37722 0.0307336 0.0869215
0 0.0688314 0.387452 0.0241663 0.148496
