0 0.519864 0.506931 0.0991879 0.531914
0 0.181877 0.463971 0.0840888 0.405441
0 0.0344111 0.452767 0.0687973 0.442974
0 0.417464 0.508796 0.114748 0.541122
0 0.867987 0.405808 0.0752766 0.389647
13 0.262042 0.416786 0.0795567 0.095506
0 0.114828 0.383729 0.0395758 0.182205
0 0.352399 0.376522 0.0208149 0.0930378
0 0.0760116 0.3812 0.0331101 0.181662
0 0.519864 0.506931 0.0991879 0.531914
0 0.181877 0.463971 0.0840888 0.405441
0 0.0344111 0.452767 0.0687973 0.442974
0 0.417464 0.508796 0.114748 0.541122
0 0.867987 0.405808 0.0752766 0.389647
13 0.262042 0.416786 0.0795567 0.095506
0 0.114828 0.383729 0.0395758 0.182205
0 0.352399 0.376522 0.0208149 0.0930378
0 0.0760116 0.3812 0.0331101 0.181662
