0 0.922211 0.553934 0.154153 0.674656
0 0.228219 0.471139 0.100696 0.529632
0 0.394092 0.488035 0.0984427 0.476322
0 0.0955214 0.384191 0.0301451 0.1671
0 0.16724 0.400666 0.0372033 0.191533
0 0.0732271 0.391868 0.0265267 0.163387
0 0.0324361 0.388409 0.0217789 0.151732
0 0.136653 0.383741 0.0283489 0.166589
0 0.320068 0.380348 0.0302977 0.0874463
0 0.319661 0.403496 0.0329821 0.131195
0 0.922211 0.553934 0.154153 0.674656
0 0.228219 0.471139 0.100696 0.529632
0 0.394092 0.488035 0.0984427 0.476322
0 0.0955214 0.384191 0.0301451 0.1671
0 0.16724 0.400666 0.0372033 0.191533
0 0.0732271 0.391868 0.0265267 0.163387
0 0.0324361 0.388409 0.0217789 0.151732
0 0.136653 0.383741 0.0283489 0.166589
0 0.320068 0.380348 0.0302977 0.0874463
0 0.319661 0.403496 0.0329821 0.131195
