0 0.0430467 0.448827 0.0859217 0.455965
0 0.915925 0.41113 0.0875599 0.385778
0 0.198521 0.466578 0.0915247 0.411288
0 0.576805 0.516741 0.12804 0.543977
0 0.460086 0.511879 0.0961015 0.551252
0 0.0921388 0.380689 0.0388954 0.185088
0 0.351026 0.375064 0.0207429 0.0888997
13 0.269614 0.417479 0.0703748 0.0971319
0 0.134926 0.393031 0.038669 0.193133
0 0.395619 0.371546 0.0297474 0.0879873
0 0.0430467 0.448827 0.0859217 0.455965
0 0.915925 0.41113 0.0875599 0.385778
0 0.198521 0.466578 0.0915247 0.411288
0 0.576805 0.516741 0.12804 0.543977
0 0.460086 0.511879 0.0961015 0.551252
0 0.0921388 0.380689 0.0388954 0.185088
0 0.351026 0.375064 0.0207429 0.0888997
13 0.269614 0.417479 0.0703748 0.0971319
0 0.134926 0.393031 0.038669 0.193133
0 0.395619 0.371546 0.0297474 0.0879873
