0 0.806917 0.53719 0.139137 0.617625
0 0.682944 0.537453 0.140713 0.614564
0 0.274846 0.485702 0.0856169 0.437906
0 0.152809 0.481521 0.0953545 0.470071
0 0.333296 0.376978 0.0270144 0.0792279
0 0.403979 0.378363 0.0289291 0.0847268
0 0.067011 0.391253 0.022622 0.142553
0 0.0897782 0.386097 0.0244288 0.157386
0 0.104383 0.378112 0.0230416 0.171788
0 0.806917 0.53719 0.139137 0.617625
0 0.682944 0.537453 0.140713 0.614564
0 0.274846 0.485702 0.0856169 0.437906
0 0.152809 0.481521 0.0953545 0.470071
0 0.333296 0.376978 0.0270144 0.0792279
0 0.403979 0.378363 0.0289291 0.0847268
0 0.067011 0.391253 0.022622 0.142553
0 0.0897782 0.386097 0.0244288 0.157386
0 0.104383 0.378112 0.0230416 0.171788
