0 0.122543 0.470757 0.0937524 0.474265
0 0.604567 0.530818 0.128161 0.606043
0 0.737951 0.538708 0.106579 0.593176
0 0.256959 0.48336 0.0896108 0.436446
0 0.178714 0.401683 0.0335696 0.187775
0 0.340552 0.380456 0.0199154 0.0727658
0 0.336303 0.380595 0.029366 0.0730305
0 0.403167 0.391249 0.0294951 0.0612019
0 0.511695 0.397685 0.0148819 0.0481174
0 0.122543 0.470757 0.0937524 0.474265
0 0.604567 0.530818 0.128161 0.606043
0 0.737951 0.538708 0.106579 0.593176
0 0.256959 0.48336 0.0896108 0.436446
0 0.178714 0.401683 0.0335696 0.187775
0 0.340552 0.380456 0.0199154 0.0727658
0 0.336303 0.380595 0.029366 0.0730305
0 0.403167 0.391249 0.0294951 0.0612019
0 0.511695 0.397685 0.0148819 0.0481174
