0 0.196855 0.468148 0.0889018 0.412731
0 0.57142 0.51371 0.128688 0.545668
0 0.907597 0.405233 0.0849434 0.396913
0 0.0421078 0.450862 0.0839608 0.451273
0 0.455793 0.514387 0.103999 0.547152
0 0.351327 0.376281 0.0212547 0.0949619
0 0.0904308 0.384114 0.0375072 0.183236
0 0.129694 0.387857 0.0383786 0.186963
13 0.268552 0.417088 0.0688875 0.09598
0 0.196855 0.468148 0.0889018 0.412731
0 0.57142 0.51371 0.128688 0.545668
0 0.907597 0.405233 0.0849434 0.396913
0 0.0421078 0.450862 0.0839608 0.451273
0 0.455793 0.514387 0.103999 0.547152
0 0.351327 0.376281 0.0212547 0.0949619
0 0.0904308 0.384114 0.0375072 0.183236
0 0.129694 0.387857 0.0383786 0.186963
13 0.268552 0.417088 0.0688875 0.09598
