0 0.526082 0.509264 0.101519 0.527085
0 0.0353356 0.450488 0.070612 0.444644
0 0.419983 0.510794 0.11057 0.538095
0 0.87104 0.405987 0.0746616 0.385758
0 0.185991 0.464534 0.085845 0.407939
13 0.262977 0.416632 0.0774463 0.094861
0 0.352302 0.376549 0.0207583 0.089152
0 0.117157 0.385155 0.0381944 0.183284
0 0.0777708 0.383448 0.0332855 0.182376
0 0.526082 0.509264 0.101519 0.527085
0 0.0353356 0.450488 0.070612 0.444644
0 0.419983 0.510794 0.11057 0.538095
0 0.87104 0.405987 0.0746616 0.385758
0 0.185991 0.464534 0.085845 0.407939
13 0.262977 0.416632 0.0774463 0.094861
0 0.352302 0.376549 0.0207583 0.089152
0 0.117157 0.385155 0.0381944 0.183284
0 0.0777708 0.383448 0.0332855 0.182376
