0 0.808383 0.539413 0.11782 0.619996
0 0.163981 0.479038 0.0950298 0.476536
0 0.691167 0.535797 0.117319 0.625114
0 0.282502 0.48585 0.0802053 0.443586
0 0.333333 0.377385 0.0238706 0.0799125
0 0.403968 0.378305 0.0290419 0.0851443
0 0.106659 0.381009 0.0234807 0.167066
0 0.0886434 0.38853 0.023043 0.148773
0 0.808383 0.539413 0.11782 0.619996
0 0.163981 0.479038 0.0950298 0.476536
0 0.691167 0.535797 0.117319 0.625114
0 0.282502 0.48585 0.0802053 0.443586
0 0.333333 0.377385 0.0238706 0.0799125
0 0.403968 0.378305 0.0290419 0.0851443
0 0.106659 0.381009 0.0234807 0.167066
0 0.0886434 0.38853 0.023043 0.148773
