0 0.376666 0.491813 0.0989022 0.462319
0 0.878073 0.553501 0.1382 0.65526
0 0.218505 0.478132 0.0942506 0.506795
0 0.970265 0.563299 0.058992 0.615983
0 0.0999048 0.38206 0.0299186 0.164785
0 0.0746925 0.3898 0.0282283 0.159242
0 0.160719 0.398788 0.0301386 0.196107
0 0.0328123 0.387964 0.0229346 0.158959
0 0.135507 0.38693 0.0249864 0.175306
0 0.321109 0.376514 0.022817 0.0757999
0 0.376666 0.491813 0.0989022 0.462319
0 0.878073 0.553501 0.1382 0.65526
0 0.218505 0.478132 0.0942506 0.506795
0 0.970265 0.563299 0.058992 0.615983
0 0.0999048 0.38206 0.0299186 0.164785
0 0.0746925 0.3898 0.0282283 0.159242
0 0.160719 0.398788 0.0301386 0.196107
0 0.0328123 0.387964 0.0229346 0.158959
0 0.135507 0.38693 0.0249864 0.175306
0 0.321109 0.376514 0.022817 0.0757999
