0 0.0431757 0.449192 0.0861711 0.454429
0 0.197685 0.468593 0.0902659 0.416496
0 0.574273 0.515748 0.126443 0.543017
0 0.913248 0.408482 0.0871058 0.389481
0 0.458974 0.511747 0.0959876 0.550641
0 0.351485 0.375727 0.020116 0.0910093
0 0.0918425 0.383045 0.0371306 0.185293
13 0.269169 0.417274 0.0708077 0.0968549
0 0.134015 0.393124 0.0390517 0.194636
0 0.39535 0.370332 0.0290252 0.0875573
0 0.319588 0.391244 0.0153238 0.0390289
0 0.0431757 0.449192 0.0861711 0.454429
0 0.197685 0.468593 0.0902659 0.416496
0 0.574273 0.515748 0.126443 0.543017
0 0.913248 0.408482 0.0871058 0.389481
0 0.458974 0.511747 0.0959876 0.550641
0 0.351485 0.375727 0.020116 0.0910093
0 0.0918425 0.383045 0.0371306 0.185293
13 0.269169 0.417274 0.0708077 0.0968549
0 0.134015 0.393124 0.0390517 0.194636
0 0.39535 0.370332 0.0290252 0.0875573
0 0.319588 0.391244 0.0153238 0.0390289
