0 0.858495 0.409227 0.0726694 0.367922
0 0.519607 0.509228 0.119587 0.540331
0 0.165617 0.469756 0.0768945 0.404846
0 0.0259185 0.452398 0.051837 0.4427
0 0.410484 0.502025 0.109405 0.545429
0 0.0699268 0.383959 0.0408211 0.174249
0 0.110898 0.387724 0.0365632 0.189571
13 0.253077 0.416618 0.0936712 0.0950114
0 0.353491 0.376099 0.0188198 0.0843738
13 0.255609 0.432169 0.086827 0.0654287
0 0.858495 0.409227 0.0726694 0.367922
0 0.519607 0.509228 0.119587 0.540331
0 0.165617 0.469756 0.0768945 0.404846
0 0.0259185 0.452398 0.051837 0.4427
0 0.410484 0.502025 0.109405 0.545429
0 0.0699268 0.383959 0.0408211 0.174249
0 0.110898 0.387724 0.0365632 0.189571
13 0.253077 0.416618 0.0936712 0.0950114
0 0.353491 0.376099 0.0188198 0.0843738
13 0.255609 0.432169 0.086827 0.0654287
