0 0.805922 0.537576 0.141285 0.616768
0 0.148309 0.478562 0.100824 0.47203
0 0.678846 0.537369 0.149422 0.615557
0 0.273601 0.486378 0.0846189 0.437883
0 0.332064 0.379957 0.0285731 0.0822393
0 0.403984 0.378806 0.028779 0.0839022
0 0.0680158 0.390602 0.023444 0.142789
0 0.0899523 0.385911 0.0271098 0.156295
0 0.805922 0.537576 0.141285 0.616768
0 0.148309 0.478562 0.100824 0.47203
0 0.678846 0.537369 0.149422 0.615557
0 0.273601 0.486378 0.0846189 0.437883
0 0.332064 0.379957 0.0285731 0.0822393
0 0.403984 0.378806 0.028779 0.0839022
0 0.0680158 0.390602 0.023444 0.142789
0 0.0899523 0.385911 0.0271098 0.156295
