0 0.918326 0.544893 0.146894 0.677952
0 0.223882 0.479537 0.100076 0.513783
0 0.386159 0.491741 0.101419 0.474867
0 0.09618 0.381316 0.0303467 0.168595
0 0.16229 0.398842 0.0298654 0.191321
0 0.135724 0.383846 0.0290795 0.169827
0 0.0738903 0.389482 0.0265836 0.164087
0 0.0325987 0.385609 0.022682 0.151695
0 0.320982 0.373565 0.0249434 0.0775902
0 0.918326 0.544893 0.146894 0.677952
0 0.223882 0.479537 0.100076 0.513783
0 0.386159 0.491741 0.101419 0.474867
0 0.09618 0.381316 0.0303467 0.168595
0 0.16229 0.398842 0.0298654 0.191321
0 0.135724 0.383846 0.0290795 0.169827
0 0.0738903 0.389482 0.0265836 0.164087
0 0.0325987 0.385609 0.022682 0.151695
0 0.320982 0.373565 0.0249434 0.0775902
