0 0.166426 0.477502 0.0961583 0.472685
0 0.696671 0.532958 0.110176 0.63084
0 0.825447 0.540185 0.13349 0.614455
0 0.287275 0.482595 0.0783882 0.455702
0 0.40395 0.377669 0.0291332 0.0862771
0 0.0870028 0.386745 0.0233752 0.150143
0 0.106768 0.380733 0.0241261 0.164374
0 0.333209 0.37698 0.0230762 0.083608
0 0.166426 0.477502 0.0961583 0.472685
0 0.696671 0.532958 0.110176 0.63084
0 0.825447 0.540185 0.13349 0.614455
0 0.287275 0.482595 0.0783882 0.455702
0 0.40395 0.377669 0.0291332 0.0862771
0 0.0870028 0.386745 0.0233752 0.150143
0 0.106768 0.380733 0.0241261 0.164374
0 0.333209 0.37698 0.0230762 0.083608
