0 0.699436 0.530999 0.142671 0.575717
0 0.543993 0.522692 0.120105 0.593789
0 0.0894749 0.47033 0.088666 0.461781
0 0.240245 0.480427 0.0874324 0.427703
0 0.169296 0.401103 0.0321883 0.184125
0 0.132778 0.393454 0.0273121 0.181579
0 0.342127 0.376081 0.0229829 0.0731641
0 0.40147 0.381077 0.0310392 0.08027
13 0.29106 0.422044 0.0370874 0.103176
0 0.699436 0.530999 0.142671 0.575717
0 0.543993 0.522692 0.120105 0.593789
0 0.0894749 0.47033 0.088666 0.461781
0 0.240245 0.480427 0.0874324 0.427703
0 0.169296 0.401103 0.0321883 0.184125
0 0.132778 0.393454 0.0273121 0.181579
0 0.342127 0.376081 0.0229829 0.0731641
0 0.40147 0.381077 0.0310392 0.08027
13 0.29106 0.422044 0.0370874 0.103176
