0 0.805894 0.538275 0.146035 0.613121
0 0.673479 0.538698 0.15755 0.613674
0 0.146349 0.476208 0.101899 0.47457
0 0.272358 0.486408 0.0863263 0.436484
0 0.331867 0.378918 0.0292665 0.0803652
0 0.403952 0.37868 0.0287431 0.0842473
0 0.0689061 0.389746 0.0247166 0.145947
0 0.0902677 0.38707 0.0266918 0.155257
0 0.805894 0.538275 0.146035 0.613121
0 0.673479 0.538698 0.15755 0.613674
0 0.146349 0.476208 0.101899 0.47457
0 0.272358 0.486408 0.0863263 0.436484
0 0.331867 0.378918 0.0292665 0.0803652
0 0.403952 0.37868 0.0287431 0.0842473
0 0.0689061 0.389746 0.0247166 0.145947
0 0.0902677 0.38707 0.0266918 0.155257
