0 0.796521 0.539012 0.160541 0.599939
0 0.647767 0.529183 0.131572 0.617684
0 0.139412 0.47079 0.103386 0.475675
0 0.260305 0.477494 0.0918829 0.441352
0 0.331763 0.381674 0.027889 0.0845588
0 0.403954 0.377789 0.0299077 0.0859489
0 0.0704443 0.388789 0.0248415 0.154129
0 0.796521 0.539012 0.160541 0.599939
0 0.647767 0.529183 0.131572 0.617684
0 0.139412 0.47079 0.103386 0.475675
0 0.260305 0.477494 0.0918829 0.441352
0 0.331763 0.381674 0.027889 0.0845588
0 0.403954 0.377789 0.0299077 0.0859489
0 0.0704443 0.388789 0.0248415 0.154129
