0 0.520373 0.505595 0.127205 0.529251
0 0.855066 0.4094 0.0719404 0.364634
0 0.162635 0.465913 0.0807037 0.402795
0 0.0245083 0.458481 0.0489384 0.430258
0 0.40848 0.501726 0.105926 0.542038
13 0.248968 0.417548 0.101095 0.0955806
0 0.10965 0.386265 0.0361916 0.180816
0 0.0670843 0.387068 0.0362967 0.177397
0 0.353456 0.376474 0.0173073 0.0807713
0 0.520373 0.505595 0.127205 0.529251
0 0.855066 0.4094 0.0719404 0.364634
0 0.162635 0.465913 0.0807037 0.402795
0 0.0245083 0.458481 0.0489384 0.430258
0 0.40848 0.501726 0.105926 0.542038
13 0.248968 0.417548 0.101095 0.0955806
0 0.10965 0.386265 0.0361916 0.180816
0 0.0670843 0.387068 0.0362967 0.177397
0 0.353456 0.376474 0.0173073 0.0807713
