0 0.197139 0.468531 0.0876242 0.412536
0 0.569459 0.511917 0.130672 0.544731
0 0.904918 0.405484 0.0824312 0.39851
0 0.041264 0.454879 0.0824966 0.445626
0 0.452187 0.514051 0.103511 0.546453
0 0.089939 0.383743 0.037727 0.183107
0 0.351248 0.37567 0.0219255 0.0943718
13 0.268218 0.41702 0.0691956 0.0959466
0 0.128549 0.388354 0.0393564 0.186316
0 0.197139 0.468531 0.0876242 0.412536
0 0.569459 0.511917 0.130672 0.544731
0 0.904918 0.405484 0.0824312 0.39851
0 0.041264 0.454879 0.0824966 0.445626
0 0.452187 0.514051 0.103511 0.546453
0 0.089939 0.383743 0.037727 0.183107
0 0.351248 0.37567 0.0219255 0.0943718
13 0.268218 0.41702 0.0691956 0.0959466
0 0.128549 0.388354 0.0393564 0.186316
