0 0.121658 0.471366 0.0935614 0.468381
0 0.734046 0.538752 0.109328 0.587411
0 0.599461 0.527592 0.12308 0.609014
0 0.256453 0.483001 0.0894167 0.437506
0 0.178807 0.404527 0.0311616 0.187737
0 0.339606 0.383248 0.0225152 0.0797353
0 0.402955 0.390149 0.0297794 0.0634817
0 0.121658 0.471366 0.0935614 0.468381
0 0.734046 0.538752 0.109328 0.587411
0 0.599461 0.527592 0.12308 0.609014
0 0.256453 0.483001 0.0894167 0.437506
0 0.178807 0.404527 0.0311616 0.187737
0 0.339606 0.383248 0.0225152 0.0797353
0 0.402955 0.390149 0.0297794 0.0634817
