0 0.585445 0.517189 0.116663 0.551624
0 0.0426072 0.456041 0.0849813 0.463717
0 0.46921 0.514653 0.116842 0.560865
0 0.928472 0.407809 0.0907166 0.3837
0 0.203536 0.473865 0.0946585 0.410588
0 0.0972102 0.378391 0.0372578 0.188528
0 0.350244 0.375064 0.02085 0.0892628
13 0.273724 0.418452 0.0639842 0.0991245
0 0.139972 0.39439 0.0342864 0.183012
0 0.39718 0.372893 0.0309997 0.0894412
0 0.123575 0.381577 0.0296271 0.168051
0 0.585445 0.517189 0.116663 0.551624
0 0.0426072 0.456041 0.0849813 0.463717
0 0.46921 0.514653 0.116842 0.560865
0 0.928472 0.407809 0.0907166 0.3837
0 0.203536 0.473865 0.0946585 0.410588
0 0.0972102 0.378391 0.0372578 0.188528
0 0.350244 0.375064 0.02085 0.0892628
13 0.273724 0.418452 0.0639842 0.0991245
0 0.139972 0.39439 0.0342864 0.183012
0 0.39718 0.372893 0.0309997 0.0894412
0 0.123575 0.381577 0.0296271 0.168051
