0 0.425591 0.490904 0.0978559 0.490762
0 0.25524 0.482351 0.103117 0.516135
0 0.966871 0.55186 0.0656187 0.689437
0 0.0939794 0.384146 0.032857 0.169654
0 0.171115 0.40056 0.0393288 0.19478
0 0.0687872 0.391098 0.0223078 0.158191
0 0.0301933 0.390183 0.0259617 0.15078
0 0.130506 0.383582 0.0273313 0.171547
0 0.314477 0.396203 0.0256726 0.122998
0 0.315056 0.375018 0.0244251 0.0791931
0 0.425591 0.490904 0.0978559 0.490762
0 0.25524 0.482351 0.103117 0.516135
0 0.966871 0.55186 0.0656187 0.689437
0 0.0939794 0.384146 0.032857 0.169654
0 0.171115 0.40056 0.0393288 0.19478
0 0.0687872 0.391098 0.0223078 0.158191
0 0.0301933 0.390183 0.0259617 0.15078
0 0.130506 0.383582 0.0273313 0.171547
0 0.314477 0.396203 0.0256726 0.122998
0 0.315056 0.375018 0.0244251 0.0791931
