0 0.476324 0.520853 0.121332 0.559375
0 0.0455656 0.457284 0.0902487 0.457241
0 0.587225 0.516637 0.108275 0.559932
0 0.938577 0.406097 0.0854439 0.400954
0 0.215446 0.473626 0.0881338 0.411984
0 0.101662 0.388736 0.0365002 0.181253
0 0.35028 0.375771 0.0199693 0.0887763
0 0.144423 0.39016 0.0340041 0.181038
13 0.27962 0.418098 0.0535156 0.0982543
0 0.397608 0.369695 0.0295249 0.0903274
0 0.476324 0.520853 0.121332 0.559375
0 0.0455656 0.457284 0.0902487 0.457241
0 0.587225 0.516637 0.108275 0.559932
0 0.938577 0.406097 0.0854439 0.400954
0 0.215446 0.473626 0.0881338 0.411984
0 0.101662 0.388736 0.0365002 0.181253
0 0.35028 0.375771 0.0199693 0.0887763
0 0.144423 0.39016 0.0340041 0.181038
13 0.27962 0.418098 0.0535156 0.0982543
0 0.397608 0.369695 0.0295249 0.0903274
