0 0.55135 0.511634 0.109385 0.541416
0 0.195971 0.471046 0.0892696 0.408827
0 0.443439 0.505605 0.115926 0.554999
0 0.0370069 0.455743 0.0740139 0.443128
0 0.893128 0.410142 0.071875 0.386274
0 0.351612 0.375882 0.0227536 0.0924606
13 0.267752 0.417198 0.0691725 0.0963964
0 0.0859689 0.382176 0.0360142 0.181279
0 0.124026 0.385581 0.0373155 0.189489
0 0.319047 0.392656 0.015032 0.0411935
0 0.55135 0.511634 0.109385 0.541416
0 0.195971 0.471046 0.0892696 0.408827
0 0.443439 0.505605 0.115926 0.554999
0 0.0370069 0.455743 0.0740139 0.443128
0 0.893128 0.410142 0.071875 0.386274
0 0.351612 0.375882 0.0227536 0.0924606
13 0.267752 0.417198 0.0691725 0.0963964
0 0.0859689 0.382176 0.0360142 0.181279
0 0.124026 0.385581 0.0373155 0.189489
0 0.319047 0.392656 0.015032 0.0411935
