0 0.923027 0.549467 0.151567 0.632293
0 0.325041 0.48251 0.0919469 0.465328
0 0.18661 0.478686 0.0993769 0.485253
0 0.794782 0.538637 0.168331 0.647672
0 0.100067 0.383279 0.0377077 0.164127
0 0.0809931 0.386286 0.0244748 0.152962
0 0.403471 0.380647 0.0286949 0.0788612
0 0.923027 0.549467 0.151567 0.632293
0 0.325041 0.48251 0.0919469 0.465328
0 0.18661 0.478686 0.0993769 0.485253
0 0.794782 0.538637 0.168331 0.647672
0 0.100067 0.383279 0.0377077 0.164127
0 0.0809931 0.386286 0.0244748 0.152962
0 0.403471 0.380647 0.0286949 0.0788612
