0 0.560455 0.531233 0.113642 0.59559
0 0.108317 0.47216 0.0925985 0.463742
0 0.703447 0.528397 0.109228 0.590055
0 0.247488 0.481483 0.0931386 0.431163
0 0.340238 0.378733 0.0253538 0.0688131
0 0.172401 0.395103 0.0382843 0.19861
0 0.298176 0.41991 0.0251784 0.102014
0 0.401497 0.38312 0.0308846 0.0762221
0 0.560455 0.531233 0.113642 0.59559
0 0.108317 0.47216 0.0925985 0.463742
0 0.703447 0.528397 0.109228 0.590055
0 0.247488 0.481483 0.0931386 0.431163
0 0.340238 0.378733 0.0253538 0.0688131
0 0.172401 0.395103 0.0382843 0.19861
0 0.298176 0.41991 0.0251784 0.102014
0 0.401497 0.38312 0.0308846 0.0762221
