0 0.476728 0.521172 0.120025 0.558048
0 0.0482155 0.457313 0.0897633 0.459452
0 0.218782 0.472191 0.0862983 0.414392
0 0.588553 0.515557 0.105008 0.557094
0 0.94197 0.399277 0.083025 0.388451
0 0.103281 0.390332 0.0343332 0.179633
0 0.350208 0.376213 0.0205945 0.0881926
0 0.145461 0.390844 0.0324455 0.178251
13 0.281185 0.417809 0.0494822 0.0982769
0 0.39781 0.370235 0.0293386 0.0907825
0 0.476728 0.521172 0.120025 0.558048
0 0.0482155 0.457313 0.0897633 0.459452
0 0.218782 0.472191 0.0862983 0.414392
0 0.588553 0.515557 0.105008 0.557094
0 0.94197 0.399277 0.083025 0.388451
0 0.103281 0.390332 0.0343332 0.179633
0 0.350208 0.376213 0.0205945 0.0881926
0 0.145461 0.390844 0.0324455 0.178251
13 0.281185 0.417809 0.0494822 0.0982769
0 0.39781 0.370235 0.0293386 0.0907825
