0 0.562086 0.510622 0.123788 0.540799
0 0.196058 0.470567 0.0882289 0.41068
0 0.899823 0.402216 0.0774025 0.389727
0 0.447957 0.510036 0.110753 0.550345
0 0.0391913 0.455849 0.0783826 0.444548
0 0.351677 0.375629 0.0227936 0.0929758
0 0.0886322 0.383522 0.0397882 0.182903
13 0.268345 0.417085 0.0685494 0.0962935
0 0.125323 0.38773 0.0396989 0.185051
0 0.388195 0.365724 0.0198952 0.0880151
0 0.318948 0.392165 0.0147995 0.0411229
0 0.562086 0.510622 0.123788 0.540799
0 0.196058 0.470567 0.0882289 0.41068
0 0.899823 0.402216 0.0774025 0.389727
0 0.447957 0.510036 0.110753 0.550345
0 0.0391913 0.455849 0.0783826 0.444548
0 0.351677 0.375629 0.0227936 0.0929758
0 0.0886322 0.383522 0.0397882 0.182903
13 0.268345 0.417085 0.0685494 0.0962935
0 0.125323 0.38773 0.0396989 0.185051
0 0.388195 0.365724 0.0198952 0.0880151
0 0.318948 0.392165 0.0147995 0.0411229
