0 0.119627 0.470349 0.0944139 0.467666
0 0.730897 0.539121 0.113262 0.583937
0 0.59088 0.529452 0.119398 0.61338
0 0.255103 0.481775 0.0912306 0.436275
0 0.340759 0.380611 0.0192313 0.0714636
0 0.178098 0.39801 0.0310999 0.192122
0 0.337728 0.381705 0.0262205 0.0756151
0 0.402997 0.387973 0.0298166 0.0679306
0 0.119627 0.470349 0.0944139 0.467666
0 0.730897 0.539121 0.113262 0.583937
0 0.59088 0.529452 0.119398 0.61338
0 0.255103 0.481775 0.0912306 0.436275
0 0.340759 0.380611 0.0192313 0.0714636
0 0.178098 0.39801 0.0310999 0.192122
0 0.337728 0.381705 0.0262205 0.0756151
0 0.402997 0.387973 0.0298166 0.0679306
