0 0.194095 0.467161 0.0904019 0.403645
0 0.533185 0.512314 0.0942719 0.535373
0 0.0359189 0.45097 0.0717578 0.447644
0 0.882337 0.410081 0.0722298 0.373861
0 0.43295 0.499273 0.111804 0.560609
0 0.35182 0.377505 0.0212385 0.0913135
0 0.083633 0.381643 0.0335069 0.176249
0 0.119927 0.384737 0.0411226 0.18473
13 0.266675 0.416747 0.0703201 0.0957884
0 0.194095 0.467161 0.0904019 0.403645
0 0.533185 0.512314 0.0942719 0.535373
0 0.0359189 0.45097 0.0717578 0.447644
0 0.882337 0.410081 0.0722298 0.373861
0 0.43295 0.499273 0.111804 0.560609
0 0.35182 0.377505 0.0212385 0.0913135
0 0.083633 0.381643 0.0335069 0.176249
0 0.119927 0.384737 0.0411226 0.18473
13 0.266675 0.416747 0.0703201 0.0957884
