0 0.612751 0.535045 0.129284 0.599022
0 0.765854 0.534301 0.133819 0.59773
0 0.256873 0.481137 0.0880758 0.438253
0 0.131947 0.476869 0.0906179 0.464267
0 0.335048 0.382848 0.0259299 0.0815138
0 0.404086 0.377693 0.0304053 0.0858476
0 0.0678396 0.387276 0.024005 0.152051
0 0.612751 0.535045 0.129284 0.599022
0 0.765854 0.534301 0.133819 0.59773
0 0.256873 0.481137 0.0880758 0.438253
0 0.131947 0.476869 0.0906179 0.464267
0 0.335048 0.382848 0.0259299 0.0815138
0 0.404086 0.377693 0.0304053 0.0858476
0 0.0678396 0.387276 0.024005 0.152051
