0 0.169054 0.48161 0.0943205 0.474963
0 0.838846 0.542608 0.139098 0.612018
0 0.710084 0.534298 0.114729 0.62978
0 0.29485 0.483029 0.0845125 0.455773
0 0.0858617 0.386628 0.0245308 0.153385
0 0.403963 0.378055 0.0290611 0.0852216
0 0.105894 0.381293 0.0244726 0.164744
0 0.169054 0.48161 0.0943205 0.474963
0 0.838846 0.542608 0.139098 0.612018
0 0.710084 0.534298 0.114729 0.62978
0 0.29485 0.483029 0.0845125 0.455773
0 0.0858617 0.386628 0.0245308 0.153385
0 0.403963 0.378055 0.0290611 0.0852216
0 0.105894 0.381293 0.0244726 0.164744
