0 0.193747 0.46607 0.0922907 0.403581
0 0.531152 0.512637 0.0974935 0.532658
0 0.431552 0.501078 0.113861 0.556707
0 0.879456 0.405597 0.0719719 0.372296
0 0.0359021 0.449878 0.0717279 0.447557
0 0.351939 0.377279 0.0208375 0.0910438
0 0.0830824 0.382143 0.0334167 0.177189
0 0.11989 0.38535 0.0417717 0.184736
13 0.26651 0.41651 0.0710505 0.0960707
0 0.193747 0.46607 0.0922907 0.403581
0 0.531152 0.512637 0.0974935 0.532658
0 0.431552 0.501078 0.113861 0.556707
0 0.879456 0.405597 0.0719719 0.372296
0 0.0359021 0.449878 0.0717279 0.447557
0 0.351939 0.377279 0.0208375 0.0910438
0 0.0830824 0.382143 0.0334167 0.177189
0 0.11989 0.38535 0.0417717 0.184736
13 0.26651 0.41651 0.0710505 0.0960707
