0 0.170057 0.468676 0.0806726 0.405524
0 0.518533 0.505701 0.112932 0.534821
0 0.861664 0.397823 0.0743305 0.352622
0 0.414125 0.503923 0.115071 0.54026
0 0.0283753 0.455676 0.0567507 0.440417
13 0.258201 0.417052 0.0860375 0.0963218
0 0.113106 0.385729 0.0368635 0.183982
0 0.0698153 0.384488 0.0388176 0.176484
0 0.353102 0.375086 0.0196531 0.0846213
0 0.170057 0.468676 0.0806726 0.405524
0 0.518533 0.505701 0.112932 0.534821
0 0.861664 0.397823 0.0743305 0.352622
0 0.414125 0.503923 0.115071 0.54026
0 0.0283753 0.455676 0.0567507 0.440417
13 0.258201 0.417052 0.0860375 0.0963218
0 0.113106 0.385729 0.0368635 0.183982
0 0.0698153 0.384488 0.0388176 0.176484
0 0.353102 0.375086 0.0196531 0.0846213
