0 0.555393 0.53201 0.114588 0.592769
0 0.703122 0.527903 0.110988 0.590399
0 0.247538 0.481566 0.0919459 0.431536
0 0.104687 0.473903 0.0919412 0.458481
0 0.171022 0.395935 0.0378454 0.196678
0 0.341049 0.377981 0.02453 0.0670475
0 0.297468 0.420639 0.0263026 0.102981
0 0.401396 0.383969 0.0308688 0.0746077
0 0.398782 0.375303 0.030148 0.0888755
0 0.555393 0.53201 0.114588 0.592769
0 0.703122 0.527903 0.110988 0.590399
0 0.247538 0.481566 0.0919459 0.431536
0 0.104687 0.473903 0.0919412 0.458481
0 0.171022 0.395935 0.0378454 0.196678
0 0.341049 0.377981 0.02453 0.0670475
0 0.297468 0.420639 0.0263026 0.102981
0 0.401396 0.383969 0.0308688 0.0746077
0 0.398782 0.375303 0.030148 0.0888755
