0 0.771408 0.534765 0.138311 0.59745
0 0.618086 0.535232 0.123573 0.599548
0 0.133515 0.475671 0.0911922 0.4711
0 0.256267 0.480732 0.0878893 0.437083
0 0.332764 0.381794 0.0285867 0.0821902
0 0.404301 0.379027 0.0304472 0.0834649
0 0.0681725 0.388615 0.024597 0.150895
0 0.771408 0.534765 0.138311 0.59745
0 0.618086 0.535232 0.123573 0.599548
0 0.133515 0.475671 0.0911922 0.4711
0 0.256267 0.480732 0.0878893 0.437083
0 0.332764 0.381794 0.0285867 0.0821902
0 0.404301 0.379027 0.0304472 0.0834649
0 0.0681725 0.388615 0.024597 0.150895
