0 0.56669 0.511904 0.131389 0.543334
0 0.196643 0.469851 0.0878495 0.412063
0 0.901703 0.402267 0.0789724 0.393264
0 0.450695 0.514346 0.10559 0.546479
0 0.0402171 0.455914 0.0804207 0.444539
0 0.351269 0.375452 0.022123 0.0948246
13 0.268253 0.417126 0.0688998 0.0959848
0 0.0890326 0.383483 0.0381601 0.181047
0 0.12699 0.387595 0.0399544 0.183853
0 0.388751 0.368119 0.0226455 0.0908569
0 0.56669 0.511904 0.131389 0.543334
0 0.196643 0.469851 0.0878495 0.412063
0 0.901703 0.402267 0.0789724 0.393264
0 0.450695 0.514346 0.10559 0.546479
0 0.0402171 0.455914 0.0804207 0.444539
0 0.351269 0.375452 0.022123 0.0948246
13 0.268253 0.417126 0.0688998 0.0959848
0 0.0890326 0.383483 0.0381601 0.181047
0 0.12699 0.387595 0.0399544 0.183853
0 0.388751 0.368119 0.0226455 0.0908569
