0 0.555333 0.532187 0.114727 0.592624
0 0.702558 0.527877 0.109567 0.590273
0 0.247467 0.481572 0.0914825 0.431671
0 0.104819 0.472081 0.0921257 0.462145
0 0.170722 0.396454 0.0372605 0.198158
0 0.341069 0.378012 0.0244058 0.0671861
0 0.297477 0.420836 0.0263464 0.103342
0 0.401518 0.382714 0.0299574 0.0773738
0 0.398244 0.375298 0.0289026 0.0889071
0 0.555333 0.532187 0.114727 0.592624
0 0.702558 0.527877 0.109567 0.590273
0 0.247467 0.481572 0.0914825 0.431671
0 0.104819 0.472081 0.0921257 0.462145
0 0.170722 0.396454 0.0372605 0.198158
0 0.341069 0.378012 0.0244058 0.0671861
0 0.297477 0.420836 0.0263464 0.103342
0 0.401518 0.382714 0.0299574 0.0773738
0 0.398244 0.375298 0.0289026 0.0889071
