0 0.805336 0.538986 0.153134 0.610963
0 0.66927 0.53976 0.159655 0.613379
0 0.143333 0.473286 0.103171 0.478197
0 0.270816 0.487004 0.087951 0.434931
0 0.331891 0.378373 0.0292886 0.0799279
0 0.404022 0.379163 0.0288019 0.0832913
0 0.0690822 0.388259 0.0237812 0.147889
0 0.0898857 0.387174 0.0253026 0.155785
0 0.805336 0.538986 0.153134 0.610963
0 0.66927 0.53976 0.159655 0.613379
0 0.143333 0.473286 0.103171 0.478197
0 0.270816 0.487004 0.087951 0.434931
0 0.331891 0.378373 0.0292886 0.0799279
0 0.404022 0.379163 0.0288019 0.0832913
0 0.0690822 0.388259 0.0237812 0.147889
0 0.0898857 0.387174 0.0253026 0.155785
