0 0.516771 0.506589 0.0976633 0.531178
0 0.17939 0.4643 0.082807 0.405091
0 0.0328328 0.453796 0.0656265 0.445801
0 0.865376 0.398097 0.0771315 0.370128
0 0.415614 0.508414 0.114606 0.540261
13 0.261132 0.417086 0.0806414 0.095714
0 0.114367 0.384168 0.0401587 0.182178
0 0.352767 0.376217 0.0209525 0.0925313
0 0.0747931 0.383224 0.0330049 0.181103
0 0.516771 0.506589 0.0976633 0.531178
0 0.17939 0.4643 0.082807 0.405091
0 0.0328328 0.453796 0.0656265 0.445801
0 0.865376 0.398097 0.0771315 0.370128
0 0.415614 0.508414 0.114606 0.540261
13 0.261132 0.417086 0.0806414 0.095714
0 0.114367 0.384168 0.0401587 0.182178
0 0.352767 0.376217 0.0209525 0.0925313
0 0.0747931 0.383224 0.0330049 0.181103
