0 0.8736 0.406904 0.0756496 0.38364
0 0.527307 0.510923 0.09953 0.526179
0 0.423488 0.510394 0.111446 0.542973
0 0.0359876 0.449753 0.0719267 0.446187
0 0.188203 0.463439 0.0897021 0.408888
13 0.263195 0.416734 0.0778259 0.0955579
0 0.352191 0.376356 0.0208704 0.0895197
0 0.117477 0.3844 0.0398587 0.181311
0 0.079372 0.3829 0.0338046 0.181655
0 0.8736 0.406904 0.0756496 0.38364
0 0.527307 0.510923 0.09953 0.526179
0 0.423488 0.510394 0.111446 0.542973
0 0.0359876 0.449753 0.0719267 0.446187
0 0.188203 0.463439 0.0897021 0.408888
13 0.263195 0.416734 0.0778259 0.0955579
0 0.352191 0.376356 0.0208704 0.0895197
0 0.117477 0.3844 0.0398587 0.181311
0 0.079372 0.3829 0.0338046 0.181655
