0 0.785893 0.536003 0.152252 0.597977
0 0.256332 0.477422 0.0867231 0.440703
0 0.635922 0.530367 0.111324 0.606889
0 0.13552 0.476861 0.0960633 0.462364
0 0.332266 0.380347 0.0283937 0.0807741
0 0.404112 0.378227 0.0303955 0.0852454
0 0.0688807 0.389775 0.0238035 0.153217
0 0.785893 0.536003 0.152252 0.597977
0 0.256332 0.477422 0.0867231 0.440703
0 0.635922 0.530367 0.111324 0.606889
0 0.13552 0.476861 0.0960633 0.462364
0 0.332266 0.380347 0.0283937 0.0807741
0 0.404112 0.378227 0.0303955 0.0852454
0 0.0688807 0.389775 0.0238035 0.153217
