0 0.570672 0.527787 0.113316 0.601237
0 0.249657 0.479705 0.0934072 0.433575
0 0.71744 0.530239 0.123885 0.586036
0 0.11411 0.473556 0.0958599 0.460836
0 0.339319 0.381481 0.0244447 0.0741747
0 0.300392 0.418089 0.0217732 0.101829
0 0.173203 0.402733 0.0394579 0.195852
0 0.401938 0.388318 0.0305306 0.0653934
0 0.400599 0.376646 0.0343126 0.0884291
0 0.570672 0.527787 0.113316 0.601237
0 0.249657 0.479705 0.0934072 0.433575
0 0.71744 0.530239 0.123885 0.586036
0 0.11411 0.473556 0.0958599 0.460836
0 0.339319 0.381481 0.0244447 0.0741747
0 0.300392 0.418089 0.0217732 0.101829
0 0.173203 0.402733 0.0394579 0.195852
0 0.401938 0.388318 0.0305306 0.0653934
0 0.400599 0.376646 0.0343126 0.0884291
