0 0.176554 0.479541 0.0926006 0.483692
0 0.733619 0.542971 0.135009 0.62916
0 0.852712 0.547207 0.111945 0.62388
0 0.304961 0.487553 0.0828466 0.445427
0 0.103326 0.382804 0.0274083 0.160876
0 0.403882 0.377913 0.0292502 0.0856737
0 0.0826492 0.385655 0.0233952 0.158176
0 0.176554 0.479541 0.0926006 0.483692
0 0.733619 0.542971 0.135009 0.62916
0 0.852712 0.547207 0.111945 0.62388
0 0.304961 0.487553 0.0828466 0.445427
0 0.103326 0.382804 0.0274083 0.160876
0 0.403882 0.377913 0.0292502 0.0856737
0 0.0826492 0.385655 0.0233952 0.158176
