0 0.176546 0.479592 0.0925684 0.483309
0 0.733479 0.542941 0.135183 0.629226
0 0.852715 0.54722 0.111911 0.623775
0 0.304786 0.487269 0.0825575 0.445677
0 0.103373 0.382854 0.0273134 0.160571
0 0.403876 0.377848 0.0292824 0.0858146
0 0.0827806 0.385465 0.0236211 0.158588
0 0.176546 0.479592 0.0925684 0.483309
0 0.733479 0.542941 0.135183 0.629226
0 0.852715 0.54722 0.111911 0.623775
0 0.304786 0.487269 0.0825575 0.445677
0 0.103373 0.382854 0.0273134 0.160571
0 0.403876 0.377848 0.0292824 0.0858146
0 0.0827806 0.385465 0.0236211 0.158588
