0 0.546164 0.512926 0.101601 0.540995
0 0.195514 0.470714 0.0897907 0.407037
0 0.0366286 0.451783 0.0731143 0.44404
0 0.442002 0.502783 0.11663 0.559058
0 0.890428 0.408732 0.0714676 0.377777
0 0.351843 0.37628 0.0215451 0.0934257
13 0.267958 0.416891 0.0684114 0.0960424
0 0.085208 0.380742 0.0341921 0.174966
0 0.122106 0.386558 0.0386392 0.187703
0 0.318974 0.393329 0.0153003 0.0417235
0 0.546164 0.512926 0.101601 0.540995
0 0.195514 0.470714 0.0897907 0.407037
0 0.0366286 0.451783 0.0731143 0.44404
0 0.442002 0.502783 0.11663 0.559058
0 0.890428 0.408732 0.0714676 0.377777
0 0.351843 0.37628 0.0215451 0.0934257
13 0.267958 0.416891 0.0684114 0.0960424
0 0.085208 0.380742 0.0341921 0.174966
0 0.122106 0.386558 0.0386392 0.187703
0 0.318974 0.393329 0.0153003 0.0417235
