0 0.804824 0.537904 0.117249 0.620941
0 0.689156 0.536671 0.121891 0.621141
0 0.158399 0.481219 0.0983268 0.469687
0 0.279119 0.485459 0.0852522 0.44206
0 0.33334 0.378845 0.0254056 0.0796054
0 0.403989 0.378809 0.028923 0.0839386
0 0.0892658 0.38663 0.0233308 0.155565
0 0.106432 0.383491 0.0235379 0.16471
0 0.0668663 0.390274 0.0224444 0.145146
0 0.804824 0.537904 0.117249 0.620941
0 0.689156 0.536671 0.121891 0.621141
0 0.158399 0.481219 0.0983268 0.469687
0 0.279119 0.485459 0.0852522 0.44206
0 0.33334 0.378845 0.0254056 0.0796054
0 0.403989 0.378809 0.028923 0.0839386
0 0.0892658 0.38663 0.0233308 0.155565
0 0.106432 0.383491 0.0235379 0.16471
0 0.0668663 0.390274 0.0224444 0.145146
