0 0.17233 0.484167 0.0918259 0.467309
0 0.842623 0.548507 0.128568 0.612798
0 0.719734 0.537686 0.118953 0.629532
0 0.300316 0.485444 0.0863431 0.448437
0 0.40392 0.377876 0.0291819 0.0856138
0 0.0850392 0.38671 0.0276113 0.156394
0 0.10351 0.384736 0.0269743 0.162864
0 0.17233 0.484167 0.0918259 0.467309
0 0.842623 0.548507 0.128568 0.612798
0 0.719734 0.537686 0.118953 0.629532
0 0.300316 0.485444 0.0863431 0.448437
0 0.40392 0.377876 0.0291819 0.0856138
0 0.0850392 0.38671 0.0276113 0.156394
0 0.10351 0.384736 0.0269743 0.162864
