0 0.517179 0.503565 0.107928 0.53411
0 0.172526 0.467222 0.0828752 0.40812
0 0.862503 0.396307 0.0747171 0.35509
0 0.0299087 0.453804 0.0597773 0.446761
0 0.414114 0.50796 0.114622 0.539556
13 0.259844 0.417297 0.0821311 0.0963395
0 0.113079 0.384975 0.0355843 0.182417
0 0.353195 0.375936 0.021064 0.0880549
0 0.0703131 0.386073 0.0364536 0.179343
0 0.517179 0.503565 0.107928 0.53411
0 0.172526 0.467222 0.0828752 0.40812
0 0.862503 0.396307 0.0747171 0.35509
0 0.0299087 0.453804 0.0597773 0.446761
0 0.414114 0.50796 0.114622 0.539556
13 0.259844 0.417297 0.0821311 0.0963395
0 0.113079 0.384975 0.0355843 0.182417
0 0.353195 0.375936 0.021064 0.0880549
0 0.0703131 0.386073 0.0364536 0.179343
