0 0.877282 0.407599 0.0738003 0.375766
0 0.429268 0.505268 0.114504 0.553113
0 0.529383 0.511859 0.0981429 0.529421
0 0.192877 0.464 0.0942796 0.40411
0 0.0355943 0.448465 0.0710991 0.446091
0 0.351976 0.377265 0.0209059 0.09146
0 0.0819223 0.382649 0.0333341 0.179296
0 0.118206 0.384367 0.0401641 0.182911
13 0.265269 0.417333 0.0730371 0.0963461
0 0.877282 0.407599 0.0738003 0.375766
0 0.429268 0.505268 0.114504 0.553113
0 0.529383 0.511859 0.0981429 0.529421
0 0.192877 0.464 0.0942796 0.40411
0 0.0355943 0.448465 0.0710991 0.446091
0 0.351976 0.377265 0.0209059 0.09146
0 0.0819223 0.382649 0.0333341 0.179296
0 0.118206 0.384367 0.0401641 0.182911
13 0.265269 0.417333 0.0730371 0.0963461
