0 0.934506 0.549066 0.130197 0.640726
0 0.816521 0.545808 0.14209 0.644553
0 0.193272 0.476911 0.0964062 0.494078
0 0.338055 0.492342 0.0979385 0.448722
0 0.101852 0.384711 0.0329602 0.165646
0 0.074701 0.38678 0.0328056 0.157838
0 0.137495 0.385591 0.0287848 0.17308
0 0.403091 0.378561 0.0298557 0.0826813
0 0.934506 0.549066 0.130197 0.640726
0 0.816521 0.545808 0.14209 0.644553
0 0.193272 0.476911 0.0964062 0.494078
0 0.338055 0.492342 0.0979385 0.448722
0 0.101852 0.384711 0.0329602 0.165646
0 0.074701 0.38678 0.0328056 0.157838
0 0.137495 0.385591 0.0287848 0.17308
0 0.403091 0.378561 0.0298557 0.0826813
