0 0.804817 0.537907 0.117259 0.620925
0 0.689299 0.536647 0.121597 0.621075
0 0.158391 0.481255 0.0983672 0.469726
0 0.279157 0.485418 0.0853544 0.44191
0 0.333343 0.378952 0.0253852 0.0798126
0 0.403986 0.378744 0.0289513 0.0840939
0 0.0892656 0.386629 0.0233299 0.155563
0 0.10643 0.383488 0.023541 0.164711
0 0.066868 0.390277 0.0224431 0.14516
0 0.804817 0.537907 0.117259 0.620925
0 0.689299 0.536647 0.121597 0.621075
0 0.158391 0.481255 0.0983672 0.469726
0 0.279157 0.485418 0.0853544 0.44191
0 0.333343 0.378952 0.0253852 0.0798126
0 0.403986 0.378744 0.0289513 0.0840939
0 0.0892656 0.386629 0.0233299 0.155563
0 0.10643 0.383488 0.023541 0.164711
0 0.066868 0.390277 0.0224431 0.14516
