0 0.175095 0.479892 0.0924032 0.484154
0 0.725834 0.542833 0.120116 0.624101
0 0.849497 0.54824 0.117721 0.621273
0 0.302592 0.486476 0.0822497 0.444089
0 0.403919 0.377744 0.0291232 0.0858948
0 0.104477 0.382534 0.0252032 0.159564
0 0.0831278 0.386507 0.0234972 0.157508
0 0.175095 0.479892 0.0924032 0.484154
0 0.725834 0.542833 0.120116 0.624101
0 0.849497 0.54824 0.117721 0.621273
0 0.302592 0.486476 0.0822497 0.444089
0 0.403919 0.377744 0.0291232 0.0858948
0 0.104477 0.382534 0.0252032 0.159564
0 0.0831278 0.386507 0.0234972 0.157508
