0 0.581024 0.518535 0.123721 0.544426
0 0.920852 0.413814 0.0876364 0.383987
0 0.0420656 0.45112 0.0839454 0.457974
0 0.46141 0.510104 0.0994795 0.559823
0 0.198878 0.471186 0.0948512 0.413864
0 0.093742 0.381195 0.0381563 0.186481
0 0.350627 0.374617 0.0217306 0.0876617
0 0.136316 0.393096 0.0367095 0.189877
13 0.270615 0.41822 0.0675571 0.0973221
0 0.396317 0.371412 0.0301705 0.0890303
0 0.581024 0.518535 0.123721 0.544426
0 0.920852 0.413814 0.0876364 0.383987
0 0.0420656 0.45112 0.0839454 0.457974
0 0.46141 0.510104 0.0994795 0.559823
0 0.198878 0.471186 0.0948512 0.413864
0 0.093742 0.381195 0.0381563 0.186481
0 0.350627 0.374617 0.0217306 0.0876617
0 0.136316 0.393096 0.0367095 0.189877
13 0.270615 0.41822 0.0675571 0.0973221
0 0.396317 0.371412 0.0301705 0.0890303
