0 0.517187 0.503562 0.107957 0.53412
0 0.172441 0.467147 0.0830304 0.407964
0 0.862499 0.396248 0.0747263 0.354985
0 0.0299099 0.453794 0.05978 0.446772
0 0.414142 0.507972 0.114673 0.539579
13 0.260016 0.417345 0.0819506 0.0964831
0 0.113119 0.385014 0.0356556 0.182497
0 0.353199 0.375913 0.0210746 0.0880507
0 0.0703101 0.38608 0.0364605 0.179351
0 0.517187 0.503562 0.107957 0.53412
0 0.172441 0.467147 0.0830304 0.407964
0 0.862499 0.396248 0.0747263 0.354985
0 0.0299099 0.453794 0.05978 0.446772
0 0.414142 0.507972 0.114673 0.539579
13 0.260016 0.417345 0.0819506 0.0964831
0 0.113119 0.385014 0.0356556 0.182497
0 0.353199 0.375913 0.0210746 0.0880507
0 0.0703101 0.38608 0.0364605 0.179351
