0 0.0431889 0.449231 0.0861831 0.454878
0 0.19782 0.468579 0.0900935 0.416427
0 0.574277 0.515452 0.126522 0.542713
0 0.913314 0.409171 0.0871706 0.391212
0 0.459053 0.511692 0.0960095 0.551068
0 0.0905268 0.382364 0.0392236 0.182596
0 0.351489 0.375796 0.0201235 0.0910687
13 0.269287 0.417604 0.0705367 0.096371
0 0.133784 0.392961 0.0393098 0.192323
0 0.395305 0.369933 0.0292141 0.0881683
0 0.319627 0.391126 0.0152866 0.0393422
0 0.0431889 0.449231 0.0861831 0.454878
0 0.19782 0.468579 0.0900935 0.416427
0 0.574277 0.515452 0.126522 0.542713
0 0.913314 0.409171 0.0871706 0.391212
0 0.459053 0.511692 0.0960095 0.551068
0 0.0905268 0.382364 0.0392236 0.182596
0 0.351489 0.375796 0.0201235 0.0910687
13 0.269287 0.417604 0.0705367 0.096371
0 0.133784 0.392961 0.0393098 0.192323
0 0.395305 0.369933 0.0292141 0.0881683
0 0.319627 0.391126 0.0152866 0.0393422
