0 0.771661 0.534792 0.13889 0.597325
0 0.617841 0.535204 0.123843 0.599589
0 0.133632 0.475167 0.0913321 0.47205
0 0.256166 0.480908 0.0875 0.437903
0 0.334207 0.381872 0.0269669 0.0794854
0 0.40419 0.37854 0.0304162 0.0842974
0 0.0681962 0.387834 0.024866 0.152279
0 0.771661 0.534792 0.13889 0.597325
0 0.617841 0.535204 0.123843 0.599589
0 0.133632 0.475167 0.0913321 0.47205
0 0.256166 0.480908 0.0875 0.437903
0 0.334207 0.381872 0.0269669 0.0794854
0 0.40419 0.37854 0.0304162 0.0842974
0 0.0681962 0.387834 0.024866 0.152279
