0 0.583775 0.517934 0.117022 0.548489
0 0.926025 0.41011 0.0893257 0.384843
0 0.0418212 0.45315 0.0834043 0.456921
0 0.47086 0.511413 0.119816 0.561193
0 0.203725 0.472454 0.090316 0.409152
0 0.0971634 0.383053 0.0394982 0.184145
0 0.35052 0.374472 0.0212604 0.0900865
0 0.139643 0.397414 0.0363872 0.190456
13 0.272335 0.418339 0.0665978 0.0985552
0 0.396819 0.37305 0.0307101 0.0874456
0 0.583775 0.517934 0.117022 0.548489
0 0.926025 0.41011 0.0893257 0.384843
0 0.0418212 0.45315 0.0834043 0.456921
0 0.47086 0.511413 0.119816 0.561193
0 0.203725 0.472454 0.090316 0.409152
0 0.0971634 0.383053 0.0394982 0.184145
0 0.35052 0.374472 0.0212604 0.0900865
0 0.139643 0.397414 0.0363872 0.190456
13 0.272335 0.418339 0.0665978 0.0985552
0 0.396819 0.37305 0.0307101 0.0874456
