0 0.520406 0.505646 0.127257 0.52895
0 0.85498 0.409151 0.0721756 0.363988
0 0.162597 0.465843 0.0806345 0.402721
0 0.4085 0.501647 0.106136 0.542204
0 0.024503 0.458417 0.0489276 0.430426
13 0.24939 0.417236 0.100372 0.0955686
0 0.109663 0.386216 0.0362328 0.180981
0 0.0670988 0.387009 0.0363149 0.177529
0 0.353457 0.376239 0.0173061 0.0804281
13 0.2542 0.427707 0.0895817 0.0756521
0 0.520406 0.505646 0.127257 0.52895
0 0.85498 0.409151 0.0721756 0.363988
0 0.162597 0.465843 0.0806345 0.402721
0 0.4085 0.501647 0.106136 0.542204
0 0.024503 0.458417 0.0489276 0.430426
13 0.24939 0.417236 0.100372 0.0955686
0 0.109663 0.386216 0.0362328 0.180981
0 0.0670988 0.387009 0.0363149 0.177529
0 0.353457 0.376239 0.0173061 0.0804281
13 0.2542 0.427707 0.0895817 0.0756521
