0 0.796486 0.539081 0.160604 0.599891
0 0.647751 0.529178 0.131564 0.617584
0 0.139421 0.470565 0.103381 0.475654
0 0.260034 0.477509 0.0913261 0.441282
0 0.33197 0.381251 0.0274666 0.0846959
0 0.404019 0.378056 0.0299377 0.0854243
0 0.0704167 0.38862 0.0247838 0.154067
0 0.796486 0.539081 0.160604 0.599891
0 0.647751 0.529178 0.131564 0.617584
0 0.139421 0.470565 0.103381 0.475654
0 0.260034 0.477509 0.0913261 0.441282
0 0.33197 0.381251 0.0274666 0.0846959
0 0.404019 0.378056 0.0299377 0.0854243
0 0.0704167 0.38862 0.0247838 0.154067
