0 0.117075 0.470529 0.0973637 0.468029
0 0.251514 0.481165 0.0932348 0.439241
0 0.579857 0.526443 0.11639 0.604344
0 0.727328 0.53353 0.128884 0.584743
0 0.175429 0.404973 0.03486 0.187671
0 0.338678 0.378306 0.0236844 0.0669089
0 0.402168 0.384361 0.0304939 0.0739875
0 0.299906 0.419959 0.0227993 0.102286
0 0.399667 0.37565 0.0314828 0.0890245
0 0.117075 0.470529 0.0973637 0.468029
0 0.251514 0.481165 0.0932348 0.439241
0 0.579857 0.526443 0.11639 0.604344
0 0.727328 0.53353 0.128884 0.584743
0 0.175429 0.404973 0.03486 0.187671
0 0.338678 0.378306 0.0236844 0.0669089
0 0.402168 0.384361 0.0304939 0.0739875
0 0.299906 0.419959 0.0227993 0.102286
0 0.399667 0.37565 0.0314828 0.0890245
