0 0.805288 0.538962 0.153033 0.610895
0 0.669287 0.539658 0.160022 0.613837
0 0.143302 0.473214 0.103227 0.478219
0 0.270791 0.48702 0.0879885 0.434942
0 0.331888 0.378323 0.0292916 0.0798711
0 0.403946 0.378922 0.0285687 0.0837272
0 0.0690682 0.388532 0.0237933 0.147821
0 0.0901031 0.387271 0.025039 0.155596
0 0.805288 0.538962 0.153033 0.610895
0 0.669287 0.539658 0.160022 0.613837
0 0.143302 0.473214 0.103227 0.478219
0 0.270791 0.48702 0.0879885 0.434942
0 0.331888 0.378323 0.0292916 0.0798711
0 0.403946 0.378922 0.0285687 0.0837272
0 0.0690682 0.388532 0.0237933 0.147821
0 0.0901031 0.387271 0.025039 0.155596
