0 0.583801 0.517901 0.117066 0.548327
0 0.0417994 0.453038 0.0833596 0.457178
0 0.470909 0.511357 0.119887 0.561347
0 0.926012 0.409994 0.0893131 0.384645
0 0.203627 0.47242 0.090229 0.409133
0 0.097168 0.383094 0.0394524 0.183975
0 0.350573 0.374715 0.02115 0.090187
0 0.139667 0.397203 0.0366093 0.190776
13 0.272269 0.418357 0.0667881 0.0984762
0 0.396765 0.373178 0.0308109 0.0872804
0 0.583801 0.517901 0.117066 0.548327
0 0.0417994 0.453038 0.0833596 0.457178
0 0.470909 0.511357 0.119887 0.561347
0 0.926012 0.409994 0.0893131 0.384645
0 0.203627 0.47242 0.090229 0.409133
0 0.097168 0.383094 0.0394524 0.183975
0 0.350573 0.374715 0.02115 0.090187
0 0.139667 0.397203 0.0366093 0.190776
13 0.272269 0.418357 0.0667881 0.0984762
0 0.396765 0.373178 0.0308109 0.0872804
