0 0.0426444 0.449729 0.0851334 0.456913
0 0.918423 0.412106 0.0864803 0.385373
0 0.578781 0.51778 0.126489 0.543574
0 0.460758 0.511208 0.0972859 0.551856
0 0.198973 0.469002 0.0933633 0.412897
0 0.0926876 0.381794 0.038731 0.185929
0 0.350619 0.373583 0.0217524 0.0861572
0 0.135996 0.393407 0.0371427 0.191538
13 0.270195 0.417541 0.0695041 0.0980272
0 0.395673 0.371953 0.0293509 0.0876337
0 0.0426444 0.449729 0.0851334 0.456913
0 0.918423 0.412106 0.0864803 0.385373
0 0.578781 0.51778 0.126489 0.543574
0 0.460758 0.511208 0.0972859 0.551856
0 0.198973 0.469002 0.0933633 0.412897
0 0.0926876 0.381794 0.038731 0.185929
0 0.350619 0.373583 0.0217524 0.0861572
0 0.135996 0.393407 0.0371427 0.191538
13 0.270195 0.417541 0.0695041 0.0980272
0 0.395673 0.371953 0.0293509 0.0876337
