0 0.522652 0.508268 0.102127 0.526409
0 0.183227 0.462868 0.0843777 0.405093
0 0.0354514 0.452124 0.0708314 0.445075
0 0.417924 0.509432 0.110339 0.540588
0 0.86882 0.409307 0.0749371 0.395251
13 0.262698 0.416535 0.078955 0.0953574
0 0.352423 0.37689 0.020827 0.0910183
0 0.116785 0.386072 0.0390013 0.184656
0 0.0765228 0.381981 0.0329297 0.179198
0 0.522652 0.508268 0.102127 0.526409
0 0.183227 0.462868 0.0843777 0.405093
0 0.0354514 0.452124 0.0708314 0.445075
0 0.417924 0.509432 0.110339 0.540588
0 0.86882 0.409307 0.0749371 0.395251
13 0.262698 0.416535 0.078955 0.0953574
0 0.352423 0.37689 0.020827 0.0910183
0 0.116785 0.386072 0.0390013 0.184656
0 0.0765228 0.381981 0.0329297 0.179198
