0 0.194112 0.467057 0.0904345 0.403409
0 0.533205 0.512396 0.0944176 0.53548
0 0.0359176 0.450912 0.0717551 0.447748
0 0.88233 0.410136 0.0722504 0.373896
0 0.432989 0.499237 0.111897 0.560644
0 0.351826 0.3775 0.0212201 0.0913527
0 0.0836373 0.38165 0.0335261 0.176207
0 0.119935 0.384694 0.0411034 0.184787
13 0.266742 0.416615 0.0702827 0.095767
0 0.194112 0.467057 0.0904345 0.403409
0 0.533205 0.512396 0.0944176 0.53548
0 0.0359176 0.450912 0.0717551 0.447748
0 0.88233 0.410136 0.0722504 0.373896
0 0.432989 0.499237 0.111897 0.560644
0 0.351826 0.3775 0.0212201 0.0913527
0 0.0836373 0.38165 0.0335261 0.176207
0 0.119935 0.384694 0.0411034 0.184787
13 0.266742 0.416615 0.0702827 0.095767
