0 0.792252 0.538141 0.157974 0.601588
0 0.645059 0.531421 0.125405 0.613767
0 0.138594 0.473173 0.10075 0.472989
0 0.258414 0.476485 0.0876204 0.440965
0 0.332262 0.380107 0.0271459 0.082422
0 0.403944 0.378246 0.0300151 0.0852286
0 0.0706626 0.388919 0.0251405 0.153848
0 0.792252 0.538141 0.157974 0.601588
0 0.645059 0.531421 0.125405 0.613767
0 0.138594 0.473173 0.10075 0.472989
0 0.258414 0.476485 0.0876204 0.440965
0 0.332262 0.380107 0.0271459 0.082422
0 0.403944 0.378246 0.0300151 0.0852286
0 0.0706626 0.388919 0.0251405 0.153848
