0 0.167808 0.47763 0.0958462 0.474486
0 0.701653 0.533548 0.10915 0.63263
0 0.831523 0.541469 0.138388 0.613403
0 0.289495 0.482485 0.0791301 0.454156
0 0.0870361 0.388278 0.023955 0.15157
0 0.403922 0.378612 0.0291738 0.0840962
0 0.106711 0.38267 0.0239727 0.163739
0 0.333731 0.378079 0.0213932 0.0814373
0 0.167808 0.47763 0.0958462 0.474486
0 0.701653 0.533548 0.10915 0.63263
0 0.831523 0.541469 0.138388 0.613403
0 0.289495 0.482485 0.0791301 0.454156
0 0.0870361 0.388278 0.023955 0.15157
0 0.403922 0.378612 0.0291738 0.0840962
0 0.106711 0.38267 0.0239727 0.163739
0 0.333731 0.378079 0.0213932 0.0814373
