0 0.516958 0.504399 0.115276 0.534851
0 0.168536 0.467794 0.0791822 0.404419
0 0.860071 0.402817 0.0730515 0.357685
0 0.0275798 0.454413 0.0551596 0.442254
0 0.410446 0.501855 0.109612 0.54526
0 0.0697237 0.384228 0.0402703 0.173559
13 0.255713 0.416465 0.0897235 0.0946396
0 0.113378 0.386597 0.0367084 0.186002
0 0.353504 0.374429 0.0193326 0.0814579
0 0.516958 0.504399 0.115276 0.534851
0 0.168536 0.467794 0.0791822 0.404419
0 0.860071 0.402817 0.0730515 0.357685
0 0.0275798 0.454413 0.0551596 0.442254
0 0.410446 0.501855 0.109612 0.54526
0 0.0697237 0.384228 0.0402703 0.173559
13 0.255713 0.416465 0.0897235 0.0946396
0 0.113378 0.386597 0.0367084 0.186002
0 0.353504 0.374429 0.0193326 0.0814579
