0 0.685393 0.532327 0.148755 0.566633
0 0.535912 0.520136 0.11677 0.589418
0 0.0838171 0.463856 0.0977401 0.468275
0 0.238467 0.474422 0.0897519 0.430068
0 0.165674 0.400617 0.0310495 0.185125
0 0.980452 0.427818 0.0386078 0.411721
0 0.344433 0.380761 0.0220109 0.0724413
0 0.128814 0.389484 0.026223 0.159602
17 0.980617 0.427313 0.0382977 0.410902
0 0.401464 0.380211 0.0308717 0.0801503
0 0.685393 0.532327 0.148755 0.566633
0 0.535912 0.520136 0.11677 0.589418
0 0.0838171 0.463856 0.0977401 0.468275
0 0.238467 0.474422 0.0897519 0.430068
0 0.165674 0.400617 0.0310495 0.185125
0 0.980452 0.427818 0.0386078 0.411721
0 0.344433 0.380761 0.0220109 0.0724413
0 0.128814 0.389484 0.026223 0.159602
17 0.980617 0.427313 0.0382977 0.410902
0 0.401464 0.380211 0.0308717 0.0801503
