0 0.195072 0.468845 0.0909142 0.405315
0 0.0364335 0.451953 0.0727514 0.446655
0 0.437305 0.500583 0.112634 0.562012
0 0.539887 0.512359 0.0944756 0.539773
0 0.886536 0.411371 0.0726381 0.378791
0 0.351811 0.376912 0.0212131 0.0920727
0 0.084464 0.382617 0.0338693 0.173716
13 0.267044 0.416706 0.0700911 0.0954957
0 0.121635 0.386378 0.0379064 0.187127
0 0.319279 0.392848 0.0153339 0.0408143
0 0.195072 0.468845 0.0909142 0.405315
0 0.0364335 0.451953 0.0727514 0.446655
0 0.437305 0.500583 0.112634 0.562012
0 0.539887 0.512359 0.0944756 0.539773
0 0.886536 0.411371 0.0726381 0.378791
0 0.351811 0.376912 0.0212131 0.0920727
0 0.084464 0.382617 0.0338693 0.173716
13 0.267044 0.416706 0.0700911 0.0954957
0 0.121635 0.386378 0.0379064 0.187127
0 0.319279 0.392848 0.0153339 0.0408143
